1011001111100011111110111111111111111101011111111100111111111111111111111111101110011101111110111110
1111111111011111111111001110111111011111101000010111111101111111111011111011111111011110111111111110
1111011111101101110111111111111111111101110011001111011111111111011111101111110111111111111111111111
0111111111111111111011001110111111111111111111110111111111111111110111011111111110101111101110111101
1101111110110111111111111111111111110111111111011011110111111001101111011111111111111111111111111011
1110111111111110011111111101111111101011111101110111110101111011111111111111111111111110001110001111
0111111111101011010110110111011111111111100111101111111111011110101011111111110011111011111101111111
1111101111111011111011111111111000101101111111111111011111111111101111111101111111101111111110111010
0111111111111110110100110111111111011111111011111111111111110111111111111000111110011011101110111111
1110111101111010101111111110111111110111111000110111110111111100101111111111111011111111111011110111
1001111111110111010111010111111111111110111011010111101111001011111011101111111011111101111111111111
1011110011111011011110011001111111011111110110010011101011110011111111111111111110111111110111111101
1110111111011101111111111111010111111111011111011011111111101010111111011111111011110110111111110111
1111111111111010111110111110111101111011101011111111111111011111111111101111111111111111010111111111
1111001100101011101111111110111100011101111101111111111011111111111100110111110101111111111010011111
0111111111011111111011011111111100010110111111110111011111111111011110111011111101111111101101101111
1101110111111111110111111111111111111100010001110111111011111111110111111101010110111111111111111111
1101101110111011111111111110010111111111101111111111101101011111111111111111111111101110011001111111
1011110011100011010111010111101011100111011111111011111110111011111111111111111111111111111111011111
1000111111111111110111111111011111110101111111111111011111111111111111111011111111111101000111011011
